grass:
      Area.north: [0, 0, 1, 3, 3, 3, 2, 1, 1, 1, 0, 0], // 11 stazioni; 0.0 0.2 3.7 62.5 85.3 48.9 13.9 7.0 6.1 2.2 0.4 0.1
      Area.centre: [0, 0, 1, 2, 3, 3, 2, 1, 1, 1, 0, 0], // 10 stazioni; 0.1 0.4 3.1 25.4 93.7 67.5 15.3 6.4 5.5 1.5 0.3 0.1
      Area.south: [0, 1, 1, 2, 3, 2, 1, 1, 1, 1, 1, 0], // 12 stazioni; 0.1 0.6 2.2 15.1 53.1 24.4 7.5 3.0 3.0 2.0 0.6 0.2
parietaria:
      Area.north: [0, 0, 0, 2, 2, 2, 2, 2, 2, 1, 0, 0], // 11 stazioni; 0.2 0.1 1.3 48.5 32.2 36.1 22.6 58.4 47.9 6.8 1.5 0.4
      Area.centre: [0, 1, 1, 2, 2, 2, 2, 2, 1, 1, 1, 0], // 10 stazioni; 1.6 4.4 12.6 54.8 39.3 52.5 22.5 23.0 17.8 4.9 2.0 1.0
      Area.south: [1, 2, 2, 3, 3, 2, 2, 1, 1, 1, 1, 1], // 12 stazioni; 11.5 27.3 59.2 95.6 71.3 51.6 20.6 9.8 9.4 8.5 11.3 10.6
olive:
      Area.north: [0, 0, 0, 1, 2, 2, 0, 0, 0, 0, 0, 0], // 11 stazioni; 0.0 0.0 0.0 0.9 8.0 7.1 0.1 0.0 0.0 0.0 0.0 0.0
      Area.centre: [0, 0, 0, 1, 3, 3, 1, 0, 0, 0, 0, 0], // 10 stazioni; 0.0 0.0 0.0 0.9 85.3 54.5 1.2 0.1 0.0 0.0 0.0 0.0
      Area.south: [0, 0, 0, 2, 3, 3, 1, 0, 0, 0, 0, 0], // 12 stazioni; 0.0 0.0 0.2 8.1 82.5 34.7 1.4 0.1 0.0 0.0 0.0 0.0
cypress:
      Area.north: [1, 3, 3, 2, 1, 1, 0, 0, 0, 0, 0, 0], // 11 stazioni; 16.9 119.7 161.3 38.7 9.1 8.7 3.6 1.0 0.6 1.1 0.6 0.7
      Area.centre: [2, 3, 3, 3, 1, 1, 0, 0, 0, 0, 0, 1], // 10 stazioni; 79.8 571.0 561.7 106.1 13.3 5.6 1.9 0.6 1.1 2.8 3.2 6.4
      Area.south: [1, 3, 3, 2, 1, 0, 0, 0, 0, 0, 1, 1], // 12 stazioni; 18.3 161.4 130.6 43.1 9.7 3.5 1.6 0.9 1.8 3.6 4.3 5.8
oak:
      Area.north: [0, 0, 1, 3, 2, 1, 0, 0, 0, 0, 0, 0], // 11 stazioni; 0.0 0.0 1.8 52.0 27.4 3.3 0.0 0.0 0.0 0.0 0.0 0.0
      Area.centre: [0, 0, 1, 3, 3, 3, 1, 0, 0, 0, 0, 0], // 10 stazioni; 0.0 0.0 3.1 209.7 356.2 68.9 3.5 0.3 0.1 0.1 0.1 0.0
      Area.south: [0, 0, 1, 3, 3, 1, 1, 0, 0, 0, 0, 0], // 12 stazioni; 0.0 0.1 1.1 55.8 75.0 11.8 1.7 0.2 0.1 0.1 0.1 0.0
plantago:
      Area.north: [0, 0, 0, 1, 3, 3, 3, 3, 2, 0, 0, 0], // 11 stazioni; 0.0 0.0 0.1 0.3 3.2 15.7 9.9 4.1 0.9 0.1 0.0 0.0
      Area.centre: [0, 0, 1, 2, 3, 3, 3, 3, 2, 1, 0, 0], // 10 stazioni; 0.0 0.0 0.2 1.3 2.9 13.2 6.5 2.5 1.1 0.1 0.0 0.0
      Area.south: [0, 0, 2, 3, 3, 3, 3, 2, 2, 1, 0, 0], // 12 stazioni; 0.0 0.0 1.1 2.3 3.3 5.2 2.4 1.1 0.7 0.2 0.0 0.0
mugwort:
      Area.north: [0, 0, 0, 0, 0, 0, 1, 1, 1, 1, 0, 0], // 11 stazioni; 0.0 0.0 0.0 0.0 0.0 0.0 0.1 2.9 1.9 1.0 0.1 0.0
      Area.centre: [0, 0, 0, 0, 0, 0, 0, 1, 1, 1, 1, 0], // 10 stazioni; 0.0 0.0 0.0 0.0 0.0 0.0 0.1 1.8 1.1 0.7 0.1 0.0
      Area.south: [0, 0, 0, 0, 1, 1, 1, 1, 1, 1, 1, 0], // 12 stazioni; 0.0 0.0 0.0 0.0 1.2 0.3 0.3 0.9 1.1 1.0 0.5 0.1
ragweed:
      Area.north: [0, 0, 0, 0, 0, 0, 1, 2, 2, 1, 0, 0], // 11 stazioni; 0.0 0.0 0.0 0.0 0.0 0.0 0.2 9.0 11.5 0.5 0.1 0.0
      Area.centre: [0, 0, 0, 0, 0, 0, 0, 1, 1, 1, 0, 0], // 10 stazioni; 0.0 0.0 0.0 0.0 0.0 0.0 0.1 2.7 4.5 0.2 0.0 0.0
      Area.south: [0, 0, 0, 0, 0, 0, 0, 1, 1, 1, 0, 0], // 12 stazioni; 0.0 0.0 0.0 0.0 0.0 0.0 0.1 1.1 2.4 0.3 0.0 0.0
birch:
      Area.north: [1, 2, 2, 1, 1, 1, 0, 0, 0, 0, 0, 0], // 11 stazioni; 1.0 23.6 21.9 13.6 1.5 1.8 0.0 0.0 0.0 0.0 0.0 0.0
      Area.centre: [1, 1, 1, 1, 1, 1, 0, 0, 0, 0, 0, 0], // 9 stazioni; 0.5 12.0 14.6 2.0 0.7 0.8 0.0 0.0 0.0 0.0 0.0 0.0
      Area.south: [0, 1, 1, 0, 0, 0, 0, 0, 0, 0, 0, 0], // 12 stazioni; 0.1 5.5 1.8 0.1 0.2 0.1 0.0 0.0 0.0 0.0 0.0 0.0
alternaria:
      Area.north: [1, 1, 1, 2, 2, 3, 3, 3, 3, 3, 2, 1], // 11 stazioni; 4.8 4.7 5.2 11.7 37.0 213.9 231.3 284.6 380.4 159.1 30.1 5.2
      Area.centre: [1, 1, 1, 1, 2, 3, 3, 3, 3, 2, 2, 1], // 10 stazioni; 2.5 2.3 2.7 8.3 37.0 136.3 192.6 173.8 119.0 44.8 12.2 2.8
      Area.south: [1, 1, 1, 2, 2, 2, 2, 2, 2, 2, 2, 1], // 12 stazioni; 5.2 4.5 7.4 14.3 49.7 67.0 43.7 41.6 41.9 34.9 16.7 7.7
